(河北省,秦皇岛市,6,6,0,0,0,NaN,0,0,NaN,0.0,0.0)
(宁夏回族自治区,石嘴山市,3,3,0,0,0,NaN,0,0,NaN,0.0,0.0)
(陕西省,宝鸡市,4,4,0,0,0,NaN,0,0,NaN,0.0,0.0)
(云南省,昆明市,7,7,0,0,0,NaN,0,0,NaN,0.0,0.0)
(广西壮族自治区,贵港市,2,2,0,0,0,NaN,0,0,NaN,0.0,0.0)
(黑龙江省,牡丹江市,4,4,0,0,0,NaN,0,0,NaN,0.0,0.0)
(辽宁省,营口市,1,1,0,0,0,NaN,0,0,NaN,0.0,0.0)
(江苏省,南通市,12,12,0,0,0,NaN,0,0,NaN,0.0,0.0)
(吉林省,辽源市,5,5,0,0,0,NaN,0,0,NaN,0.0,0.0)
(西藏自治区,未知,1,1,0,0,0,NaN,0,0,NaN,0.0,0.0)
(黑龙江省,齐齐哈尔市,3,3,0,0,0,NaN,0,0,NaN,0.0,0.0)
(河南省,濮阳市,2,2,0,0,0,NaN,0,0,NaN,0.0,0.0)
(山东省,莱芜市,4,4,0,0,0,NaN,0,0,NaN,0.0,0.0)
(河南省,周口市,4,3,0,0,0,NaN,0,0,NaN,0.0,0.0)
(辽宁省,丹东市,1,1,0,0,0,NaN,0,0,NaN,0.0,0.0)
(河北省,邢台市,7,7,0,0,0,NaN,0,0,NaN,0.0,0.0)
(山东省,淄博市,2,2,0,0,0,NaN,0,0,NaN,0.0,0.0)
(浙江省,宁波市,27,27,0,0,0,NaN,0,0,NaN,0.0,0.0)
(湖南省,邵阳市,9,9,0,0,0,NaN,0,0,NaN,0.0,0.0)
(黑龙江省,大庆市,4,4,0,0,0,NaN,0,0,NaN,0.0,0.0)
(湖南省,永州市,2,2,0,0,0,NaN,0,0,NaN,0.0,0.0)
(浙江省,舟山市,1,1,0,0,0,NaN,0,0,NaN,0.0,0.0)
(安徽省,宣城市,3,3,0,0,0,NaN,0,0,NaN,0.0,0.0)
(江西省,吉安市,2,2,0,0,0,NaN,0,0,NaN,0.0,0.0)
(浙江省,杭州市,49,49,0,0,0,NaN,0,0,NaN,0.0,0.0)
(云南省,昭通市,1,1,0,0,0,NaN,0,0,NaN,0.0,0.0)
(浙江省,台州市,10,10,0,0,0,NaN,0,0,NaN,0.0,0.0)
(宁夏回族自治区,银川市,1,1,0,0,0,NaN,0,0,NaN,0.0,0.0)
(内蒙古自治区,巴彦淖尔市,2,2,0,0,0,NaN,0,0,NaN,0.0,0.0)
(山西省,阳泉市,6,6,0,0,0,NaN,0,0,NaN,0.0,0.0)
(辽宁省,阜新市,6,6,0,0,0,NaN,0,0,NaN,0.0,0.0)
(湖南省,郴州市,1,1,0,0,0,NaN,0,0,NaN,0.0,0.0)
(四川省,自贡市,2,2,0,0,0,NaN,0,0,NaN,0.0,0.0)
(江苏省,连云港市,8,8,0,0,0,NaN,0,0,NaN,0.0,0.0)
(浙江省,湖州市,6,6,0,0,0,NaN,0,0,NaN,0.0,0.0)
(福建省,厦门市,8,8,0,0,0,NaN,0,0,NaN,0.0,0.0)
(陕西省,咸阳市,2,2,0,0,0,NaN,0,0,NaN,0.0,0.0)
(安徽省,滁州市,1,1,0,0,0,NaN,0,0,NaN,0.0,0.0)
(黑龙江省,绥化市,4,4,0,0,0,NaN,0,0,NaN,0.0,0.0)
(内蒙古自治区,呼和浩特市,3,3,0,0,0,NaN,0,0,NaN,0.0,0.0)
(广西壮族自治区,崇左市,1,1,0,0,0,NaN,0,0,NaN,0.0,0.0)
(河北省,邯郸市,7,7,0,0,0,NaN,0,0,NaN,0.0,0.0)
(安徽省,铜陵市,1,1,0,0,0,NaN,0,0,NaN,0.0,0.0)
(江西省,景德镇市,2,2,0,0,0,NaN,0,0,NaN,0.0,0.0)
(河南省,开封市,3,3,0,0,0,NaN,0,0,NaN,0.0,0.0)
(湖南省,岳阳市,8,8,0,0,0,NaN,0,0,NaN,0.0,0.0)
(湖南省,湘西土家族苗族自治州,1,1,0,0,0,NaN,0,0,NaN,0.0,0.0)
(山东省,未知,4,4,0,0,0,NaN,0,0,NaN,0.0,0.0)
(广东省,汕头市,4,4,0,0,0,NaN,0,0,NaN,0.0,0.0)
(福建省,三明市,2,2,0,0,0,NaN,0,0,NaN,0.0,0.0)
(安徽省,芜湖市,3,3,0,0,0,NaN,0,0,NaN,0.0,0.0)
(山东省,菏泽市,5,5,0,0,0,NaN,0,0,NaN,0.0,0.0)
(江西省,未知,3,3,0,0,0,NaN,0,0,NaN,0.0,0.0)
(新疆维吾尔自治区,未知,2,2,0,0,0,NaN,0,0,NaN,0.0,0.0)
(河南省,平顶山市,1,1,0,0,0,NaN,0,0,NaN,0.0,0.0)
(四川省,内江市,15,15,0,0,0,NaN,0,0,NaN,0.0,0.0)
(湖北省,武汉市,24,24,0,0,0,NaN,0,0,NaN,0.0,0.0)
(甘肃省,张掖市,3,3,0,0,0,NaN,0,0,NaN,0.0,0.0)
(辽宁省,朝阳市,2,2,0,0,0,NaN,0,0,NaN,0.0,0.0)
(重庆市,重庆市,33,33,0,0,0,NaN,0,0,NaN,0.0,0.0)
(山东省,威海市,3,3,0,0,0,NaN,0,0,NaN,0.0,0.0)
(宁夏回族自治区,固原市,1,1,0,0,0,NaN,0,0,NaN,0.0,0.0)
(山东省,潍坊市,12,12,0,0,0,NaN,0,0,NaN,0.0,0.0)
(河南省,三门峡市,2,2,0,0,0,NaN,0,0,NaN,0.0,0.0)
(上海市,上海市,40,40,0,0,0,NaN,0,0,NaN,0.0,0.0)
(广西壮族自治区,桂林市,2,2,0,0,0,NaN,0,0,NaN,0.0,0.0)
(浙江省,温州市,15,15,0,0,0,NaN,0,0,NaN,0.0,0.0)
(河南省,洛阳市,2,2,0,0,0,NaN,0,0,NaN,0.0,0.0)
(内蒙古自治区,赤峰市,2,2,0,0,0,NaN,0,0,NaN,0.0,0.0)
(河南省,商丘市,1,1,0,0,0,NaN,0,0,NaN,0.0,0.0)
(湖北省,黄冈市,4,4,0,0,0,NaN,0,0,NaN,0.0,0.0)
(陕西省,榆林市,3,3,0,0,0,NaN,0,0,NaN,0.0,0.0)
(浙江省,嘉兴市,8,8,0,0,0,NaN,0,0,NaN,0.0,0.0)
(江苏省,镇江市,5,5,0,0,0,NaN,0,0,NaN,0.0,0.0)
(四川省,德阳市,1,1,0,0,0,NaN,0,0,NaN,0.0,0.0)
(广西壮族自治区,南宁市,111,111,0,0,0,NaN,0,0,NaN,0.0,0.0)
(江苏省,苏州市,24,23,0,0,0,NaN,0,0,NaN,0.0,0.0)
(江西省,上饶市,6,6,0,0,0,NaN,0,0,NaN,0.0,0.0)
(江苏省,南京市,28,27,0,0,0,NaN,0,0,NaN,0.0,0.0)
(江西省,九江市,6,6,0,0,0,NaN,0,0,NaN,0.0,0.0)
(浙江省,衢州市,4,4,0,0,0,NaN,0,0,NaN,0.0,0.0)
(山东省,济宁市,13,12,0,0,0,NaN,0,0,NaN,0.0,0.0)
(江苏省,宿迁市,1,1,0,0,0,NaN,0,0,NaN,0.0,0.0)
(湖南省,常德市,2,2,0,0,0,NaN,0,0,NaN,0.0,0.0)
(山西省,晋中市,7,7,0,0,0,NaN,0,0,NaN,0.0,0.0)
(内蒙古自治区,鄂尔多斯市,3,3,0,0,0,NaN,0,0,NaN,0.0,0.0)
(广东省,深圳市,12,12,0,0,0,NaN,0,0,NaN,0.0,0.0)
(陕西省,安康市,2,2,0,0,0,NaN,0,0,NaN,0.0,0.0)
(黑龙江省,黑河市,2,2,0,0,0,NaN,0,0,NaN,0.0,0.0)
(河南省,信阳市,5,5,0,0,0,NaN,0,0,NaN,0.0,0.0)
(天津市,天津市,16,16,0,0,0,NaN,0,0,NaN,0.0,0.0)
(江西省,萍乡市,1,1,0,0,0,NaN,0,0,NaN,0.0,0.0)
(广东省,阳江市,18,18,0,0,0,NaN,0,0,NaN,0.0,0.0)
(山西省,晋城市,1,1,0,0,0,NaN,0,0,NaN,0.0,0.0)
(四川省,绵阳市,7,7,0,0,0,NaN,0,0,NaN,0.0,0.0)
(云南省,文山壮族苗族自治州,1,1,0,0,0,NaN,0,0,NaN,0.0,0.0)
(内蒙古自治区,乌兰察布市,1,1,0,0,0,NaN,0,0,NaN,0.0,0.0)
(湖南省,长沙市,102,102,0,0,0,NaN,0,0,NaN,0.0,0.0)
(云南省,玉溪市,1,1,0,0,0,NaN,0,0,NaN,0.0,0.0)
(广东省,惠州市,6,5,0,0,0,NaN,0,0,NaN,0.0,0.0)
(江苏省,徐州市,17,17,0,0,0,NaN,0,0,NaN,0.0,0.0)
(湖南省,湘潭市,1,1,0,0,0,NaN,0,0,NaN,0.0,0.0)
(福建省,莆田市,2,2,0,0,0,NaN,0,0,NaN,0.0,0.0)
(广东省,江门市,2,2,0,0,0,NaN,0,0,NaN,0.0,0.0)
(河南省,焦作市,1,1,0,0,0,NaN,0,0,NaN,0.0,0.0)
(吉林省,松原市,3,3,0,0,0,NaN,0,0,NaN,0.0,0.0)
(广东省,清远市,2,2,0,0,0,NaN,0,0,NaN,0.0,0.0)
(广西壮族自治区,北海市,4,4,0,0,0,NaN,0,0,NaN,0.0,0.0)
(山东省,聊城市,10,10,0,0,0,NaN,0,0,NaN,0.0,0.0)
(山西省,吕梁市,1,1,0,0,0,NaN,0,0,NaN,0.0,0.0)
(湖北省,宜昌市,2,2,0,0,0,NaN,0,0,NaN,0.0,0.0)
(贵州省,黔西南布依族苗族自治未知,1,1,0,0,0,NaN,0,0,NaN,0.0,0.0)
(山东省,青岛市,19,18,0,0,0,NaN,0,0,NaN,0.0,0.0)
(安徽省,未知,6,6,0,0,0,NaN,0,0,NaN,0.0,0.0)
(广西壮族自治区,玉林市,2,2,0,0,0,NaN,0,0,NaN,0.0,0.0)
(河南省,郑州市,29,29,0,0,0,NaN,0,0,NaN,0.0,0.0)
(山西省,太原市,10,10,0,0,0,NaN,0,0,NaN,0.0,0.0)
(广东省,广州市,57,57,0,0,0,NaN,0,0,NaN,0.0,0.0)
(四川省,遂宁市,2,2,0,0,0,NaN,0,0,NaN,0.0,0.0)
(山西省,运城市,5,5,0,0,0,NaN,0,0,NaN,0.0,0.0)
(江西省,赣州市,6,6,0,0,0,NaN,0,0,NaN,0.0,0.0)
(江西省,南昌市,22,22,0,0,0,NaN,0,0,NaN,0.0,0.0)
(山东省,临沂市,12,12,0,0,0,NaN,0,0,NaN,0.0,0.0)
(内蒙古自治区,包头市,6,6,0,0,0,NaN,0,0,NaN,0.0,0.0)
(安徽省,宿州市,3,3,0,0,0,NaN,0,0,NaN,0.0,0.0)
(四川省,雅安市,1,1,0,0,0,NaN,0,0,NaN,0.0,0.0)
(吉林省,长春市,9,9,0,0,0,NaN,0,0,NaN,0.0,0.0)
(江西省,抚州市,3,3,0,0,0,NaN,0,0,NaN,0.0,0.0)
(浙江省,金华市,9,9,0,0,0,NaN,0,0,NaN,0.0,0.0)
